Day	Month	Year	Tmin(C)	Tmax(C)	Prcp(mm)	Et0(mm)
1	1	1986	7.8	16.1	4.3	0.7
2	1	1986	10	15.6	0.5	1.3
3	1	1986	5.6	13.3	0	0.9
4	1	1986	2.2	12.8	0	1.3
5	1	1986	2.8	9.4	3.3	0.5
6	1	1986	2.2	11.7	0	1.3
7	1	1986	0.6	8.9	18.3	0.5
8	1	1986	5	9.4	5.3	0.5
9	1	1986	5	13.3	0	0.6
10	1	1986	2.2	15	0	1.5
11	1	1986	2.8	15.6	0	1.5
12	1	1986	2.2	15.6	0	1.5
13	1	1986	4.4	15	0	1.7
14	1	1986	1.7	16.1	0	1.7
15	1	1986	0.6	15.6	0	1.6
16	1	1986	3.3	13.9	0	0.9
17	1	1986	1.1	14.4	0	1.3
18	1	1986	2.8	16.7	0	1.7
19	1	1986	2.8	17.2	0	1.7
20	1	1986	0.6	15.6	0	1.3
21	1	1986	6.1	10.6	0.5	0.6
22	1	1986	6.7	13.9	0	1.3
23	1	1986	5	12.8	0	0.7
24	1	1986	8.9	17.2	0	1.4
25	1	1986	5	15	0	1.7
26	1	1986	1.7	13.9	0	1.7
27	1	1986	0	15	0	1.7
28	1	1986	2.2	13.3	1.5	0.9
29	1	1986	5	14.4	14.2	0.8
30	1	1986	4.4	12.8	0	1.6
31	1	1986	0.6	11.1	0	1.6
1	2	1986	0.6	10	1.8	0.9
2	2	1986	3.9	11.7	0	1.2
3	2	1986	1.1	7.8	1	0.6
4	2	1986	3.3	11.1	5.1	0.8
5	2	1986	0.6	11.1	0	1.3
6	2	1986	2.2	11.7	0	1.3
7	2	1986	-0.6	10	7.6	0.6
8	2	1986	5.6	10.6	0.5	0.7
9	2	1986	1.1	11.7	0	1.7
10	2	1986	-1.1	12.8	0	1.8
11	2	1986	1.7	8.3	0.5	0.6
12	2	1986	5	10.6	0	1.3
13	2	1986	4.4	12.2	29.7	0.8
14	2	1986	12.2	18.3	5.3	1.1
15	2	1986	10.6	12.8	6.1	0.9
16	2	1986	11.1	16.7	7.1	1
17	2	1986	7.8	13.3	2.8	1.6
18	2	1986	8.3	16.1	0	1.6
19	2	1986	7.2	15	11.2	1.5
20	2	1986	10	13.9	13.2	1.2
21	2	1986	10.6	15.6	1.5	1
22	2	1986	10	16.7	0	1
23	2	1986	9.4	18.9	0	2.5
24	2	1986	8.9	13.3	0	0.9
25	2	1986	9.4	17.2	0	2.6
26	2	1986	6.1	18.3	0	2.5
27	2	1986	5.6	18.3	0	2.3
28	2	1986	6.1	18.3	0.3	1.7
1	3	1986	11.1	15.6	8.1	1.1
2	3	1986	8.3	17.2	0.5	2.8
3	3	1986	8.3	17.8	14.2	1.4
4	3	1986	10.6	15	7.9	1.1
5	3	1986	10.6	18.9	0	2.3
6	3	1986	11.1	19.4	0	2.3
7	3	1986	10.6	14.4	5.8	1.3
8	3	1986	8.3	13.3	6.1	1.2
9	3	1986	7.2	16.1	0	1.8
10	3	1986	7.2	17.8	0	2.9
11	3	1986	3.9	17.8	0	2.8
12	3	1986	3.9	17.8	4.6	2.8
13	3	1986	7.2	16.1	0	2.9
14	3	1986	2.8	17.2	0	2.9
15	3	1986	4.4	19.4	0	3.1
16	3	1986	4.4	19.4	0	2.9
17	3	1986	6.1	19.4	0	2.7
18	3	1986	8.9	18.9	0.3	2
19	3	1986	7.2	20.6	0	2.4
20	3	1986	6.7	22.2	0	3.5
21	3	1986	7.2	21.7	0	3.2
22	3	1986	4.4	20.6	0	3.4
23	3	1986	4.4	23.3	0	3.5
24	3	1986	7.2	21.1	0	2.7
25	3	1986	7.8	17.2	0	3
26	3	1986	2.2	17.2	0	3.1
27	3	1986	2.8	22.8	0	3.6
28	3	1986	3.9	22.2	0	3.1
29	3	1986	3.3	20	0	3.5
30	3	1986	3.9	22.2	0	3.6
31	3	1986	4.4	24.4	0	3.9
1	4	1986	5.6	26.1	0	3.9
2	4	1986	10.6	15.6	8.4	1.4
3	4	1986	9.4	18.3	0	2.7
4	4	1986	7.2	19.4	0	3.4
5	4	1986	7.8	13.3	4.6	1.3
6	4	1986	10.6	16.1	4.6	1.9
7	4	1986	5.6	13.3	0	1.6
8	4	1986	1.7	13.3	2.3	2.7
9	4	1986	3.9	16.1	0	3.3
10	4	1986	2.8	18.9	0	3
11	4	1986	5	17.8	1.8	2.5
12	4	1986	3.9	12.8	0	1.6
13	4	1986	1	17.2	0	3.6
14	4	1986	5	17.8	4.1	1.4
15	4	1986	7.8	17.2	0	3.2
16	4	1986	7.2	17.8	0.5	2.2
17	4	1986	6.1	17.2	0	3.5
18	4	1986	2.8	17.2	0	3.7
19	4	1986	0.6	19.4	0	3.5
20	4	1986	4.4	21.7	0	4.4
21	4	1986	5.6	20	1.3	4
22	4	1986	10.6	19.4	0	2.7
23	4	1986	8.3	17.2	2	2.1
24	4	1986	10	19.4	12.7	3.1
25	4	1986	8.3	18.3	2	2.8
26	4	1986	6.7	15	4.1	2.9
27	4	1986	2.8	19.4	0	4.1
28	4	1986	6.7	20.6	0	4.2
29	4	1986	5.6	24.4	0	4.4
30	4	1986	8.3	27.2	0	5.4
1	5	1986	8.3	27.8	0	5.4
2	5	1986	8.9	26.1	0	5.2
3	5	1986	7.8	22.2	0	4.9
4	5	1986	7.2	18.3	7.9	2.2
5	5	1986	12.8	17.8	1.8	1.9
6	5	1986	11.1	21.7	0	3.6
7	5	1986	7.8	23.9	0	5
8	5	1986	7.2	28.3	0	5.4
9	5	1986	9.4	32.8	0	6
10	5	1986	12.2	33.3	0	6.4
11	5	1986	12.8	34.4	0	6.3
12	5	1986	12.8	33.3	0	6.3
13	5	1986	12.8	30	0	4.8
14	5	1986	13.3	26.7	0	4.7
15	5	1986	9.4	30	0	5.3
16	5	1986	15.6	31.1	0	5.3
17	5	1986	13.9	32.8	0	6.5
18	5	1986	16.7	32.8	0	3.7
19	5	1986	16.7	31.7	0	5.5
20	5	1986	17.8	30.6	0	5.5
21	5	1986	11.7	31.7	0	6.1
22	5	1986	15.6	33.3	0	5.9
23	5	1986	16.1	30	0	3.7
24	5	1986	17.2	34.4	0	3.5
25	5	1986	16.7	36.7	0	6.5
26	5	1986	16.7	34.4	0	6.8
27	5	1986	14.4	36.1	0	6.8
28	5	1986	16.1	34.4	0	6.1
29	5	1986	16.1	31.1	0	6.5
30	5	1986	13.9	20	4.8	2.1
31	5	1986	11.1	27.2	0	5.9
1	6	1986	11.7	31.7	0	5.6
2	6	1986	13.9	31.7	0	5.8
3	6	1986	14.4	31.7	0	6.3
4	6	1986	14.4	32.2	0	6.4
5	6	1986	14.4	32.8	0	6.5
6	6	1986	17.2	23.9	17.5	2.4
7	6	1986	17.2	23.3	0	2.4
8	6	1986	14.4	30	0	6
9	6	1986	16.1	32.8	0	6.7
10	6	1986	16.1	31.7	0	6.3
11	6	1986	14.4	33.9	0	6.8
12	6	1986	15.6	37.2	0	7.2
13	6	1986	17.8	37.2	0	7.5
14	6	1986	16.1	34.4	0	7.1
15	6	1986	18.3	31.7	0	6.7
16	6	1986	16.1	31.7	0	6.9
17	6	1986	17.2	32.2	0	5.5
18	6	1986	17.8	33.9	0	6.3
19	6	1986	18.3	30	0	6.6
20	6	1986	18.9	28.3	0	4.4
21	6	1986	12.2	27.8	0	6.2
22	6	1986	11.7	27.8	0	6.1
23	6	1986	14.4	28.3	0	5.7
24	6	1986	14.4	32.2	0	6.5
25	6	1986	16.1	32.8	0	6.6
26	6	1986	17.2	30.6	0	6.5
27	6	1986	16.7	35	0	6.5
28	6	1986	16.7	35	0	7
29	6	1986	14.4	32.8	0	6.9
30	6	1986	16.1	34.4	0	7.1
1	7	1986	16.1	36.7	0	6.3
2	7	1986	18.3	36.7	0	7.1
3	7	1986	18.9	36.1	0	7
4	7	1986	20	37.8	0	7.1
5	7	1986	21.1	38.3	0	7.3
6	7	1986	20	39.4	0	7.3
7	7	1986	18.3	38.9	0	7.4
8	7	1986	17.2	36.7	0	6.9
9	7	1986	15.6	37.2	0	7.1
10	7	1986	16.7	36.1	0	6.2
11	7	1986	16.1	37.2	0	7
12	7	1986	17.8	29.4	0	4
13	7	1986	17.8	34.4	0	5.8
14	7	1986	17.8	35.6	0	7
15	7	1986	18.3	35	0	7.1
16	7	1986	17.8	37.8	0	7.2
17	7	1986	17.8	39.4	0	7.2
18	7	1986	18.3	40.6	0	7.2
19	7	1986	20	37.2	0	7.1
20	7	1986	18.9	38.3	0	7.3
21	7	1986	19.4	37.2	0	7
22	7	1986	19.4	35	0	4.7
23	7	1986	18.9	30.6	0	5.6
24	7	1986	17.2	34.4	0	6.3
25	7	1986	17.8	30	1	4.7
26	7	1986	16.1	31.7	0	5.6
27	7	1986	17.2	36.7	0	6.8
28	7	1986	17.8	37.2	0	6.7
29	7	1986	20	38.9	0	5.3
30	7	1986	22.8	37.8	0	5.7
31	7	1986	20.6	37.2	0	6.7
1	8	1986	18.3	36.7	0	6.9
2	8	1986	17.2	37.8	0	6.7
3	8	1986	21.1	36.7	0	6.4
4	8	1986	17.2	33.3	0	6.8
5	8	1986	13.9	36.1	0	6.6
6	8	1986	15	38.3	0	6.9
7	8	1986	16.7	37.8	0	6.2
8	8	1986	19.4	36.1	0	7.1
9	8	1986	17.8	35	0	6.7
10	8	1986	18.3	33.9	0	6.9
11	8	1986	16.7	32.8	0	6.3
12	8	1986	14.4	35.6	0	6.2
13	8	1986	17.2	35.6	0	6.6
14	8	1986	17.8	37.2	0	6.7
15	8	1986	20	37.2	0	6.7
16	8	1986	18.9	36.7	0	5.8
17	8	1986	17.2	34.4	0	6.1
18	8	1986	20	32.2	0	5.9
19	8	1986	17.2	34.4	0	6.3
20	8	1986	17.8	37.2	0	6.2
21	8	1986	17.8	40.6	0	6.1
22	8	1986	19.4	40.6	0	5.8
23	8	1986	16.7	37.2	0	6.4
24	8	1986	13.3	35.6	0	6
25	8	1986	15.6	35	0	5.5
26	8	1986	16.1	33.3	0	5.9
27	8	1986	17.8	32.8	0	5.9
28	8	1986	16.7	33.3	0	6
29	8	1986	12.8	33.3	0	5.6
30	8	1986	20	32.2	0	4.4
31	8	1986	21.7	32.8	0	4.9
1	9	1986	19.4	34.4	0	5.6
2	9	1986	18.9	36.7	0	5.6
3	9	1986	17.8	37.8	0	5.4
4	9	1986	18.3	36.1	0	5.2
5	9	1986	17.8	36.1	0	5.5
6	9	1986	17.2	36.1	0	5.3
7	9	1986	17.2	36.1	0	5.3
8	9	1986	17.8	32.2	0	4.7
9	9	1986	20	32.2	0	3.6
10	9	1986	20	32.8	0	4
11	9	1986	20.6	26.7	8.9	1.9
12	9	1986	20	25.6	4.6	2.7
13	9	1986	19.4	30	0	4.6
14	9	1986	16.7	29.4	0	4.6
15	9	1986	17.8	31.1	0	4.1
16	9	1986	18.3	29.4	3.8	3.1
17	9	1986	17.8	28.3	0	4.3
18	9	1986	16.7	22.8	3	1.9
19	9	1986	16.1	31.7	0	4
20	9	1986	22.2	33.9	0	4.2
21	9	1986	20.6	35	0	4.5
22	9	1986	21.1	35	0	3.6
23	9	1986	22.2	34.4	0	4.3
24	9	1986	14.4	29.4	0	4.3
25	9	1986	14.4	29.4	0	4.2
26	9	1986	13.3	28.3	0	3.4
27	9	1986	14.4	28.9	0	4.2
28	9	1986	13.3	29.4	0	4.2
29	9	1986	14.4	31.1	0	4
30	9	1986	15.6	28.3	0	3.9
1	10	1986	15.6	30	0	3.8
2	10	1986	17.8	31.1	0	4.1
3	10	1986	16.1	27.8	0	2.6
4	10	1986	17.8	24.4	0	1.5
5	10	1986	15	27.2	0	2.7
6	10	1986	15	27.8	1.8	2.6
7	10	1986	15.6	28.3	0	3.4
8	10	1986	14.4	28.3	0	3.6
9	10	1986	13.9	28.9	0	3.8
10	10	1986	13.3	28.9	0	3.6
11	10	1986	16.1	23.3	0	1.3
12	10	1986	15	19.4	10.4	1.5
13	10	1986	13.9	23.3	1	2.3
14	10	1986	13.3	25.6	4.6	2.2
15	10	1986	15.6	21.1	24.6	1.7
16	10	1986	16.1	21.7	0	1.7
17	10	1986	15.6	22.2	0.8	1.4
18	10	1986	14.4	22.8	0	2.4
19	10	1986	11.7	24.4	0	3.2
20	10	1986	11.7	26.1	0	3.3
21	10	1986	12.2	28.3	0	3.5
22	10	1986	11.7	27.2	0	3.3
23	10	1986	12.8	20	0	1.1
24	10	1986	15	22.2	0	1.2
25	10	1986	15.6	25.6	0	3.2
26	10	1986	10	25.6	0	3
27	10	1986	10	24.4	0	2.9
28	10	1986	7.8	26.1	0	2.9
29	10	1986	8.3	27.2	0	2.9
30	10	1986	8.3	25	0	2.4
31	10	1986	9.4	26.1	0	2.8
1	11	1986	11.1	24.4	0	2.7
2	11	1986	9.4	25	0	2.7
3	11	1986	7.8	24.4	0	2.6
4	11	1986	5	23.3	0	2.5
5	11	1986	5	23.3	0	2.4
6	11	1986	4.4	23.3	0	2.4
7	11	1986	6.1	23.9	0	2.4
8	11	1986	3.9	20.6	0	2.1
9	11	1986	5	20.6	0	2.2
10	11	1986	5	21.1	0	2.2
11	11	1986	8.9	17.8	9.9	0.8
12	11	1986	11.7	19.4	0	1.5
13	11	1986	12.2	15.6	14.7	0.8
14	11	1986	11.1	17.2	23.9	1
15	11	1986	6.7	16.1	0	1.8
16	11	1986	5	18.9	0	1.9
17	11	1986	7.8	20	0	2
18	11	1986	6.7	20	0	2.1
19	11	1986	6.7	20	0	2
20	11	1986	5.6	17.8	0	1.8
21	11	1986	5.6	17.2	0	1.2
22	11	1986	11.1	17.2	1	0.8
23	11	1986	7.8	16.1	0	1.3
24	11	1986	5	17.8	0	1.9
25	11	1986	6.7	19.4	0	2
26	11	1986	5.6	18.3	0	1.4
27	11	1986	6.7	19.4	0	1.9
28	11	1986	5	18.9	0	1.8
29	11	1986	6.7	18.3	0	1.9
30	11	1986	4.4	17.8	0	1.8
1	12	1986	3.9	16.7	0	1.5
2	12	1986	5	16.7	0	1
3	12	1986	5	17.8	0	1.2
4	12	1986	3.3	18.3	0	1.7
5	12	1986	5	17.8	0	1.8
6	12	1986	3.9	16.1	0	1.3
7	12	1986	7.2	17.8	0	1.5
8	12	1986	7.2	13.3	14.7	0.6
9	12	1986	2.2	13.9	0	1.5
10	12	1986	1.1	13.9	0	1.5
11	12	1986	1.7	13.3	0	1.2
12	12	1986	2.8	16.7	0	1.5
13	12	1986	2.8	10.6	0	0.5
14	12	1986	7.2	16.7	16.3	1.5
15	12	1986	5.6	13.9	0	0.9
16	12	1986	10	16.7	0	1
17	12	1986	5	15.6	0	1.2
18	12	1986	3.9	16.1	0	1.6
19	12	1986	0	9.4	0	0.6
20	12	1986	5.6	10.6	0	0.5
21	12	1986	8.3	12.8	0	0.6
22	12	1986	2.8	12.8	0.8	0.6
23	12	1986	0	11.1	0	1.4
24	12	1986	-2.2	12.2	0	1.3
25	12	1986	-2.2	11.1	0	1.3
26	12	1986	-2.8	12.2	0	1.2
27	12	1986	-1.1	13.9	0	1.3
28	12	1986	1.1	16.1	0	1.6
29	12	1986	1.1	15.6	0	1.5
30	12	1986	-2.2	15.6	0	1.4
31	12	1986	-1.7	13.9	0	1
